Radius (Earth Radii) | Density (g cm^-3) | Pressure (Mbar) | Mass (Earth Masses)
0 15.1266 4.4301 0
0.00156961 15.1266 4.43007 1.0607e-08
0.00313922 15.1265 4.42998 8.48561e-08
0.00470884 15.1264 4.42982 2.86388e-07
0.00627845 15.1262 4.42959 6.7884e-07
0.00784806 15.1259 4.4293 1.32585e-06
0.00941767 15.1256 4.42895 2.29103e-06
0.0109873 15.1253 4.42854 3.63803e-06
0.0125569 15.1249 4.42806 5.43043e-06
0.0141265 15.1244 4.42751 7.73186e-06
0.0156961 15.1239 4.42691 1.06059e-05
0.0172657 15.1233 4.42623 1.41161e-05
0.0188353 15.1227 4.4255 1.83261e-05
0.020405 15.122 4.4247 2.32994e-05
0.0219746 15.1212 4.42384 2.90995e-05
0.0235442 15.1204 4.42291 3.579e-05
0.0251138 15.1196 4.42192 4.34343e-05
0.0266834 15.1187 4.42086 5.2096e-05
0.028253 15.1177 4.41974 6.18384e-05
0.0298226 15.1167 4.41856 7.2725e-05
0.0313922 15.1156 4.41732 8.48193e-05
0.0329619 15.1145 4.41601 9.81845e-05
0.0345315 15.1133 4.41463 0.000112884
0.0361011 15.112 4.4132 0.000128981
0.0376707 15.1107 4.4117 0.000146539
0.0392403 15.1094 4.41013 0.000165622
0.0408099 15.108 4.4085 0.000186291
0.0423795 15.1065 4.40681 0.000208612
0.0439491 15.105 4.40506 0.000232646
0.0455188 15.1034 4.40324 0.000258457
0.0470884 15.1018 4.40135 0.000286108
0.048658 15.1001 4.39941 0.000315662
0.0502276 15.0983 4.3974 0.000347182
0.0517972 15.0965 4.39533 0.000380731
0.0533668 15.0947 4.39319 0.000416371
0.0549364 15.0928 4.39099 0.000454167
0.056506 15.0908 4.38873 0.00049418
0.0580757 15.0888 4.3864 0.000536473
0.0596453 15.0867 4.38401 0.000581109
0.0612149 15.0846 4.38156 0.000628151
0.0627845 15.0824 4.37905 0.000677661
0.0643541 15.0802 4.37647 0.000729701
0.0659237 15.0779 4.37383 0.000784335
0.0674933 15.0755 4.37112 0.000841625
0.0690629 15.0731 4.36836 0.000901633
0.0706326 15.0706 4.36552 0.000964421
0.0722022 15.0681 4.36263 0.00103005
0.0737718 15.0655 4.35968 0.00109859
0.0753414 15.0629 4.35666 0.00117009
0.076911 15.0602 4.35358 0.00124462
0.0784806 15.0575 4.35043 0.00132225
0.0800502 15.0547 4.34723 0.00140302
0.0816198 15.0518 4.34396 0.00148701
0.0831895 15.0489 4.34063 0.00157428
0.0847591 15.0459 4.33723 0.00166489
0.0863287 15.0429 4.33378 0.00175889
0.0878983 15.0399 4.33026 0.00185636
0.0894679 15.0367 4.32668 0.00195735
0.0910375 15.0335 4.32303 0.00206192
0.0926071 15.0303 4.31933 0.00217015
0.0941767 15.027 4.31556 0.00228207
0.0957464 15.0236 4.31173 0.00239777
0.097316 15.0202 4.30784 0.00251729
0.0988856 15.0168 4.30389 0.00264071
0.100455 15.0132 4.29988 0.00276808
0.102025 15.0097 4.2958 0.00289945
0.103594 15.006 4.29166 0.0030349
0.105164 15.0023 4.28746 0.00317449
0.106734 14.9986 4.2832 0.00331827
0.108303 14.9948 4.27888 0.0034663
0.109873 14.9909 4.2745 0.00361865
0.111442 14.987 4.27005 0.00377537
0.113012 14.983 4.26555 0.00393653
0.114582 14.979 4.26098 0.00410218
0.116151 14.9749 4.25635 0.00427239
0.117721 14.9708 4.25166 0.00444721
0.119291 14.9666 4.24692 0.00462671
0.12086 14.9623 4.24211 0.00481094
0.12243 14.958 4.23723 0.00499996
0.123999 14.9537 4.2323 0.00519384
0.125569 14.9492 4.22731 0.00539263
0.127139 14.9448 4.22226 0.0055964
0.128708 14.9402 4.21715 0.00580519
0.130278 14.9356 4.21197 0.00601907
0.131847 14.931 4.20674 0.00623811
0.133417 14.9263 4.20145 0.00646234
0.134987 14.9215 4.1961 0.00669185
0.136556 14.9167 4.19068 0.00692668
0.138126 14.9118 4.18521 0.00716689
0.139695 14.9069 4.17968 0.00741255
0.141265 14.9019 4.17409 0.0076637
0.142835 14.8969 4.16844 0.00792041
0.144404 14.8918 4.16273 0.00818274
0.145974 14.8866 4.15696 0.00845074
0.147544 14.8814 4.15113 0.00872447
0.149113 14.8762 4.14524 0.00900398
0.150683 14.8708 4.13929 0.00928935
0.152252 14.8654 4.13329 0.00958061
0.153822 14.86 4.12722 0.00987784
0.155392 14.8545 4.1211 0.0101811
0.156961 14.849 4.11492 0.0104904
0.158531 14.8433 4.10868 0.0108058
0.1601 14.8377 4.10238 0.0111275
0.16167 14.832 4.09602 0.0114553
0.16324 14.8262 4.08961 0.0117895
0.164809 14.8203 4.08314 0.01213
0.166379 14.8144 4.07661 0.012477
0.167949 14.8085 4.07002 0.0128304
0.169518 14.8025 4.06338 0.0131903
0.171088 14.7964 4.05667 0.0135568
0.172657 14.7903 4.04991 0.01393
0.174227 14.7841 4.0431 0.0143098
0.175797 14.7779 4.03622 0.0146964
0.177366 14.7716 4.02929 0.0150897
0.178936 14.7652 4.0223 0.01549
0.180505 14.7588 4.01526 0.0158971
0.182075 14.7523 4.00816 0.0163112
0.183645 14.7458 4.001 0.0167323
0.185214 14.7392 3.99378 0.0171605
0.186784 14.7326 3.98651 0.0175958
0.188353 14.7259 3.97919 0.0180382
0.189923 14.7191 3.9718 0.018488
0.191493 14.7123 3.96437 0.0189449
0.193062 14.7054 3.95687 0.0194093
0.194632 14.6985 3.94932 0.019881
0.196202 14.6915 3.94172 0.0203602
0.197771 14.6845 3.93406 0.0208468
0.199341 14.6774 3.92634 0.021341
0.20091 14.6702 3.91857 0.0218428
0.20248 14.663 3.91075 0.0223523
0.20405 14.6557 3.90287 0.0228695
0.205619 14.6484 3.89493 0.0233944
0.207189 14.641 3.88694 0.0239271
0.208758 14.6335 3.8789 0.0244677
0.210328 14.626 3.8708 0.0250162
0.211898 14.6184 3.86265 0.0255727
0.213467 14.6108 3.85445 0.0261371
0.215037 14.6031 3.84619 0.0267097
0.216606 14.5954 3.83788 0.0272903
0.218176 14.5875 3.82951 0.0278791
0.219746 14.5797 3.82109 0.0284761
0.221315 14.5718 3.81262 0.0290814
0.222885 14.5638 3.8041 0.029695
0.224455 14.5557 3.79552 0.030317
0.226024 14.5476 3.78689 0.0309473
0.227594 14.5395 3.77821 0.0315862
0.229163 14.5312 3.76947 0.0322335
0.230733 14.523 3.76069 0.0328894
0.232303 14.5146 3.75185 0.0335539
0.233872 14.5062 3.74296 0.034227
0.235442 14.4978 3.73401 0.0349089
0.237011 14.4893 3.72502 0.0355995
0.238581 14.4807 3.71598 0.0362988
0.240151 14.472 3.70688 0.0370071
0.24172 14.4633 3.69773 0.0377242
0.24329 14.4546 3.68853 0.0384502
0.24486 14.4458 3.67929 0.0391853
0.246429 14.4369 3.66999 0.0399293
0.247999 14.428 3.66064 0.0406825
0.249568 14.419 3.65124 0.0414447
0.251138 14.4099 3.64179 0.0422162
0.252708 14.4008 3.63229 0.0429968
0.254277 14.3916 3.62274 0.0437867
0.255847 14.3824 3.61314 0.0445859
0.257416 14.3731 3.6035 0.0453944
0.258986 14.3637 3.5938 0.0462124
0.260556 14.3543 3.58405 0.0470397
0.262125 14.3448 3.57426 0.0478766
0.263695 14.3353 3.56442 0.0487229
0.265264 14.3257 3.55453 0.0495788
0.266834 14.316 3.54459 0.0504444
0.268404 14.3063 3.5346 0.0513196
0.269973 14.2965 3.52457 0.0522044
0.271543 14.2867 3.51449 0.053099
0.273113 14.2767 3.50436 0.0540034
0.274682 14.2668 3.49418 0.0549176
0.276252 14.2567 3.48396 0.0558417
0.277821 14.2467 3.47369 0.0567757
0.279391 14.2365 3.46337 0.0577196
0.280961 14.2263 3.45301 0.0586735
0.28253 14.216 3.4426 0.0596374
0.2841 14.2057 3.43214 0.0606114
0.285669 14.1953 3.42164 0.0615954
0.287239 14.1848 3.41109 0.0625897
0.288809 14.1743 3.4005 0.0635941
0.290378 14.1637 3.38986 0.0646087
0.291948 14.153 3.37918 0.0656336
0.293518 14.1423 3.36845 0.0666688
0.295087 14.1315 3.35768 0.0677143
0.296657 14.1207 3.34686 0.0687702
0.298226 14.1098 3.336 0.0698365
0.299796 14.0988 3.3251 0.0709132
0.301366 14.0878 3.31415 0.0720005
0.302935 14.0767 3.30316 0.0730982
0.304505 14.0655 3.29212 0.0742065
0.306074 14.0543 3.28105 0.0753255
0.307644 14.043 3.26992 0.076455
0.309214 14.0317 3.25876 0.0775952
0.310783 14.0203 3.24755 0.0787461
0.312353 14.0088 3.2363 0.0799078
0.313922 13.9973 3.22501 0.0810802
0.315492 13.9856 3.21368 0.0822634
0.317062 13.974 3.20231 0.0834575
0.318631 13.9622 3.19089 0.0846624
0.320201 13.9504 3.17943 0.0858782
0.321771 13.9386 3.16793 0.087105
0.32334 13.9267 3.1564 0.0883428
0.32491 13.9147 3.14482 0.0895915
0.326479 13.9026 3.1332 0.0908513
0.328049 13.8905 3.12154 0.0921221
0.329619 13.8783 3.10984 0.0934041
0.331188 13.866 3.0981 0.0946971
0.332758 13.8537 3.08632 0.0960014
0.334327 13.8413 3.0745 0.0973168
0.335897 13.8289 3.06265 0.0986434
0.337467 13.8163 3.05075 0.0999813
0.339036 13.8038 3.03882 0.10133
0.340606 13.7911 3.02685 0.102691
0.342175 13.7784 3.01484 0.104063
0.343745 13.7656 3.00279 0.105446
0.345315 13.7527 2.9907 0.10684
0.346884 13.7398 2.97858 0.108246
0.348454 13.7268 2.96642 0.109664
0.350024 13.7138 2.95423 0.111093
0.351593 13.7007 2.94199 0.112533
0.353163 13.6875 2.92972 0.113985
0.354732 13.6742 2.91742 0.115448
0.356302 13.6609 2.90508 0.116924
0.357872 13.6475 2.8927 0.11841
0.359441 13.634 2.88029 0.119908
0.361011 13.6205 2.86784 0.121418
0.36258 13.6069 2.85536 0.12294
0.36415 13.5932 2.84285 0.124473
0.36572 13.5795 2.8303 0.126018
0.367289 13.5656 2.81771 0.127575
0.368859 13.5518 2.80509 0.129143
0.370429 13.5378 2.79244 0.130724
0.371998 13.5238 2.77976 0.132316
0.373568 13.5097 2.76704 0.13392
0.375137 13.4955 2.75429 0.135535
0.376707 13.4813 2.7415 0.137163
0.378277 13.467 2.72869 0.138802
0.379846 13.4526 2.71584 0.140454
0.381416 13.4382 2.70296 0.142117
0.382985 13.4237 2.69005 0.143792
0.384555 13.4091 2.67711 0.145479
0.386125 13.3944 2.66414 0.147179
0.387694 13.3797 2.65114 0.14889
0.389264 13.3649 2.6381 0.150613
0.390833 13.35 2.62504 0.152348
0.392403 13.335 2.61195 0.154095
0.393973 13.32 2.59882 0.155855
0.395542 13.3049 2.58567 0.157626
0.397112 13.2897 2.57249 0.15941
0.398682 13.2745 2.55928 0.161205
0.400251 13.2592 2.54604 0.163013
0.401821 13.2438 2.53277 0.164833
0.40339 13.2283 2.51948 0.166664
0.40496 13.2127 2.50616 0.168509
0.40653 13.1971 2.49281 0.170365
0.408099 13.1814 2.47943 0.172233
0.409669 13.1657 2.46603 0.174114
0.411238 13.1498 2.4526 0.176006
0.412808 13.1339 2.43914 0.177911
0.414378 13.1179 2.42566 0.179829
0.415947 13.1018 2.41215 0.181758
0.417517 13.0856 2.39862 0.1837
0.419086 13.0694 2.38506 0.185654
0.420656 13.0531 2.37148 0.18762
0.422226 13.0367 2.35788 0.189598
0.423795 13.0202 2.34425 0.191589
0.425365 13.0037 2.33059 0.193591
0.426935 12.987 2.31691 0.195607
0.428504 12.9703 2.30321 0.197634
0.430074 12.9535 2.28949 0.199674
0.431643 12.9367 2.27574 0.201726
0.433213 12.9197 2.26197 0.20379
0.434783 12.9027 2.24818 0.205866
0.436352 12.8856 2.23437 0.207955
0.437922 12.8684 2.22053 0.210056
0.439491 12.8511 2.20668 0.212169
0.441061 12.8337 2.1928 0.214295
0.442631 12.8163 2.1789 0.216433
0.4442 12.7988 2.16499 0.218583
0.44577 12.7812 2.15105 0.220746
0.44734 12.7635 2.13709 0.22292
0.448909 12.7457 2.12312 0.225107
0.450479 12.7278 2.10912 0.227307
0.452048 12.7099 2.09511 0.229518
0.453618 12.6918 2.08108 0.231742
0.455188 12.6737 2.06703 0.233978
0.456757 12.6555 2.05296 0.236226
0.458327 12.6372 2.03888 0.238487
0.459896 12.6188 2.02478 0.24076
0.461466 12.6004 2.01066 0.243045
0.463036 12.5818 1.99653 0.245342
0.464605 12.5632 1.98238 0.247652
0.466175 12.5444 1.96821 0.249973
0.467744 12.5256 1.95403 0.252307
0.469314 12.5067 1.93984 0.254653
0.470884 12.4877 1.92562 0.257011
0.472453 12.4686 1.9114 0.259382
0.474023 12.4494 1.89716 0.261764
0.475593 12.4301 1.88291 0.264159
0.477162 12.4107 1.86864 0.266565
0.478732 12.3912 1.85436 0.268984
0.480301 12.3717 1.84007 0.271415
0.481871 12.352 1.82577 0.273858
0.483441 12.3322 1.81145 0.276313
0.48501 12.3124 1.79713 0.27878
0.48658 12.2924 1.78279 0.281259
0.488149 12.2724 1.76844 0.28375
0.489719 12.2522 1.75408 0.286253
0.491289 12.232 1.73971 0.288768
0.492858 12.2116 1.72533 0.291295
0.494428 12.1912 1.71094 0.293834
0.495997 12.1706 1.69654 0.296385
0.497567 12.15 1.68214 0.298947
0.499137 12.1292 1.66772 0.301521
0.500706 12.1084 1.6533 0.304108
0.502276 12.0874 1.63887 0.306706
0.503846 12.0664 1.62443 0.309315
0.505415 12.0452 1.60999 0.311937
0.506985 12.0239 1.59554 0.31457
0.508554 12.0025 1.58108 0.317214
0.510124 11.9811 1.56661 0.319871
0.511694 11.9595 1.55215 0.322539
0.513263 5.66566 1.53828 0.325105
0.514833 5.66041 1.53142 0.326383
0.516402 5.65516 1.52459 0.327668
0.517972 5.64993 1.51777 0.328959
0.519542 5.6447 1.51098 0.330256
0.521111 5.63948 1.50421 0.33156
0.522681 5.63427 1.49745 0.332871
0.524251 5.62906 1.49072 0.334189
0.52582 5.62386 1.48401 0.335513
0.52739 5.61866 1.47731 0.336844
0.528959 5.61347 1.47064 0.338182
0.530529 5.60829 1.46398 0.339527
0.532099 5.60311 1.45735 0.340878
0.533668 5.59794 1.45073 0.342236
0.535238 5.59278 1.44413 0.343601
0.536807 5.58762 1.43755 0.344972
0.538377 5.58246 1.43099 0.34635
0.539947 5.57731 1.42445 0.347735
0.541516 5.57217 1.41792 0.349127
0.543086 5.56703 1.41142 0.350526
0.544655 5.5619 1.40493 0.351931
0.546225 5.55677 1.39845 0.353343
0.547795 5.55164 1.392 0.354762
0.549364 5.54653 1.38556 0.356188
0.550934 5.54141 1.37914 0.357621
0.552504 5.5363 1.37273 0.359061
0.554073 5.53119 1.36634 0.360507
0.555643 5.52609 1.35997 0.36196
0.557212 5.52099 1.35362 0.363421
0.558782 5.5159 1.34728 0.364888
0.560352 5.51081 1.34095 0.366362
0.561921 5.50572 1.33465 0.367843
0.563491 5.50064 1.32835 0.369331
0.56506 5.49556 1.32208 0.370826
0.56663 5.49048 1.31581 0.372327
0.5682 5.48541 1.30957 0.373836
0.569769 5.48034 1.30334 0.375352
0.571339 5.47528 1.29712 0.376874
0.572908 5.47021 1.29092 0.378404
0.574478 5.46515 1.28473 0.37994
0.576048 5.46009 1.27856 0.381484
0.577617 5.45504 1.2724 0.383034
0.579187 5.44999 1.26625 0.384592
0.580757 5.44494 1.26012 0.386157
0.582326 5.43989 1.25401 0.387728
0.583896 5.43485 1.24791 0.389307
0.585465 5.4298 1.24182 0.390893
0.587035 5.42476 1.23574 0.392485
0.588605 5.41973 1.22968 0.394085
0.590174 5.41469 1.22363 0.395692
0.591744 5.40965 1.21759 0.397306
0.593313 5.40462 1.21157 0.398927
0.594883 5.39959 1.20556 0.400555
0.596453 5.39456 1.19957 0.40219
0.598022 5.38953 1.19358 0.403832
0.599592 5.38451 1.18761 0.405481
0.601162 5.37948 1.18165 0.407138
0.602731 5.37446 1.1757 0.408801
0.604301 5.36944 1.16977 0.410472
0.60587 5.36441 1.16385 0.41215
0.60744 5.35939 1.15794 0.413835
0.60901 5.35437 1.15204 0.415527
0.610579 5.34936 1.14615 0.417226
0.612149 5.34434 1.14028 0.418933
0.613718 5.33932 1.13441 0.420646
0.615288 5.3343 1.12856 0.422367
0.616858 5.32929 1.12272 0.424095
0.618427 5.32427 1.11689 0.42583
0.619997 5.31926 1.11108 0.427572
0.621566 5.31424 1.10527 0.429322
0.623136 5.30923 1.09948 0.431079
0.624706 5.30421 1.09369 0.432843
0.626275 5.2992 1.08792 0.434614
0.627845 5.29418 1.08216 0.436392
0.629415 5.28917 1.0764 0.438178
0.630984 5.28415 1.07066 0.43997
0.632554 5.27914 1.06493 0.44177
0.634123 5.27412 1.05921 0.443578
0.635693 5.2691 1.0535 0.445392
0.637263 5.26409 1.0478 0.447214
0.638832 5.25907 1.04212 0.449043
0.640402 5.25405 1.03644 0.450879
0.641971 5.24903 1.03077 0.452723
0.643541 5.24401 1.02511 0.454573
0.645111 5.23899 1.01946 0.456431
0.64668 5.23397 1.01382 0.458297
0.64825 5.22895 1.00819 0.460169
0.649819 5.22393 1.00257 0.462049
0.651389 5.2189 0.996963 0.463936
0.652959 5.21388 0.991362 0.465831
0.654528 5.20885 0.985771 0.467733
0.656098 5.20382 0.98019 0.469642
0.657668 5.19879 0.974618 0.471558
0.659237 5.19376 0.969055 0.473482
0.660807 5.18873 0.963502 0.475413
0.662376 5.18369 0.957957 0.477351
0.663946 5.17866 0.952422 0.479297
0.665516 5.17362 0.946896 0.481249
0.667085 5.16858 0.941379 0.48321
0.668655 5.16354 0.935871 0.485177
0.670224 5.15849 0.930371 0.487152
0.671794 5.15345 0.92488 0.489134
0.673364 5.1484 0.919398 0.491124
0.674933 5.14335 0.913925 0.493121
0.676503 5.1383 0.908461 0.495125
0.678073 5.13324 0.903005 0.497137
0.679642 5.12818 0.897557 0.499156
0.681212 5.12312 0.892118 0.501182
0.682781 5.11806 0.886687 0.503216
0.684351 5.113 0.881265 0.505257
0.685921 5.10793 0.875851 0.507305
0.68749 5.10286 0.870445 0.509361
0.68906 5.09779 0.865047 0.511424
0.690629 5.09271 0.859658 0.513494
0.692199 5.08763 0.854276 0.515572
0.693769 5.08255 0.848903 0.517657
0.695338 5.07746 0.843538 0.51975
0.696908 5.07238 0.83818 0.521849
0.698477 5.06729 0.832831 0.523957
0.700047 5.06219 0.827489 0.526071
0.701617 5.05709 0.822156 0.528193
0.703186 5.05199 0.81683 0.530322
0.704756 5.04689 0.811511 0.532459
0.706326 5.04178 0.806201 0.534603
0.707895 5.03667 0.800898 0.536755
0.709465 5.03155 0.795602 0.538913
0.711034 5.02643 0.790315 0.54108
0.712604 5.02131 0.785034 0.543253
0.714174 5.01618 0.779761 0.545434
0.715743 5.01105 0.774496 0.547622
0.717313 5.00592 0.769238 0.549818
0.718882 5.00078 0.763988 0.552021
0.720452 4.99564 0.758744 0.554231
0.722022 4.99049 0.753508 0.556449
0.723591 4.98534 0.74828 0.558674
0.725161 4.98018 0.743058 0.560907
0.72673 4.97502 0.737844 0.563147
0.7283 4.96986 0.732637 0.565394
0.72987 4.96469 0.727437 0.567648
0.731439 4.95951 0.722244 0.56991
0.733009 4.95434 0.717058 0.57218
0.734579 4.94915 0.711879 0.574456
0.736148 4.94397 0.706708 0.57674
0.737718 4.93877 0.701543 0.579032
0.739287 4.93358 0.696385 0.58133
0.740857 4.92838 0.691234 0.583636
0.742427 4.92317 0.68609 0.58595
0.743996 4.91796 0.680952 0.58827
0.745566 4.91274 0.675822 0.590599
0.747135 4.90752 0.670698 0.592934
0.748705 4.90229 0.665581 0.595277
0.750275 4.89706 0.660471 0.597627
0.751844 4.89182 0.655368 0.599984
0.753414 4.88657 0.650271 0.602349
0.754984 4.88132 0.645181 0.604721
0.756553 4.87607 0.640097 0.607101
0.758123 4.87081 0.635021 0.609487
0.759692 4.86554 0.62995 0.611881
0.761262 4.86027 0.624887 0.614283
0.762832 4.85499 0.619829 0.616691
0.764401 4.84971 0.614779 0.619107
0.765971 4.84442 0.609735 0.621531
0.76754 4.83912 0.604697 0.623961
0.76911 4.83382 0.599666 0.626399
0.77068 4.82851 0.594641 0.628844
0.772249 4.8232 0.589623 0.631297
0.773819 4.81788 0.584611 0.633756
0.775388 4.81255 0.579606 0.636223
0.776958 4.80722 0.574606 0.638698
0.778528 4.80187 0.569614 0.641179
0.780097 4.79653 0.564627 0.643668
0.781667 4.79117 0.559647 0.646164
0.783237 4.78581 0.554673 0.648667
0.784806 4.78045 0.549706 0.651177
0.786376 4.77507 0.544744 0.653695
0.787945 4.76969 0.539789 0.65622
0.789515 4.7643 0.534841 0.658752
0.791085 4.75891 0.529898 0.661292
0.792654 4.75351 0.524962 0.663838
0.794224 4.7481 0.520032 0.666392
0.795793 4.74268 0.515108 0.668953
0.797363 4.73726 0.51019 0.671521
0.798933 4.73183 0.505278 0.674096
0.800502 4.72639 0.500373 0.676679
0.802072 4.72094 0.495473 0.679269
0.803642 4.71548 0.49058 0.681865
0.805211 4.71002 0.485693 0.684469
0.806781 4.70455 0.480812 0.687081
0.80835 4.69907 0.475937 0.689699
0.80992 4.69359 0.471068 0.692324
0.81149 4.6881 0.466205 0.694957
0.813059 4.68259 0.461349 0.697596
0.814629 4.67708 0.456498 0.700243
0.816198 4.67156 0.451653 0.702897
0.817768 4.66604 0.446815 0.705558
0.819338 4.6605 0.441982 0.708225
0.820907 4.65496 0.437156 0.7109
0.822477 4.64941 0.432335 0.713582
0.824046 4.64384 0.427521 0.716272
0.825616 4.63828 0.422712 0.718968
0.827186 4.6327 0.41791 0.721671
0.828755 4.62711 0.413113 0.724381
0.830325 4.62151 0.408323 0.727098
0.831895 4.61591 0.403538 0.729822
0.833464 4.61029 0.39876 0.732553
0.835034 4.60467 0.393987 0.735291
0.836603 4.59903 0.389221 0.738036
0.838173 4.59339 0.38446 0.740788
0.839743 4.58774 0.379706 0.743547
0.841312 4.58208 0.374957 0.746313
0.842882 4.5764 0.370215 0.749086
0.844451 4.57072 0.365478 0.751865
0.846021 4.56503 0.360747 0.754652
0.847591 4.55933 0.356022 0.757445
0.84916 4.55362 0.351304 0.760245
0.85073 4.5479 0.346591 0.763053
0.852299 4.54216 0.341884 0.765866
0.853869 4.53642 0.337183 0.768687
0.855439 4.53067 0.332488 0.771515
0.857008 4.52491 0.327799 0.774349
0.858578 4.51913 0.323116 0.77719
0.860148 4.51335 0.318439 0.780038
0.861717 4.50755 0.313768 0.782893
0.863287 4.50175 0.309103 0.785754
0.864856 4.49593 0.304444 0.788622
0.866426 4.4901 0.299791 0.791497
0.867996 4.48426 0.295144 0.794378
0.869565 4.47841 0.290502 0.797266
0.871135 4.47255 0.285867 0.800161
0.872704 4.46667 0.281238 0.803063
0.874274 4.46079 0.276615 0.805971
0.875844 4.45489 0.271998 0.808885
0.877413 4.44898 0.267386 0.811807
0.878983 4.44306 0.262781 0.814734
0.880553 4.43712 0.258182 0.817669
0.882122 4.43118 0.253589 0.82061
0.883692 4.42522 0.249002 0.823557
0.885261 4.41925 0.244421 0.826511
0.886831 4.41326 0.239846 0.829472
0.888401 4.40727 0.235277 0.832438
0.88997 4.40126 0.230714 0.835412
0.89154 4.39524 0.226157 0.838392
0.893109 4.3892 0.221606 0.841378
0.894679 4.38316 0.217062 0.84437
0.896249 4.37709 0.212523 0.847369
0.897818 4.37102 0.207991 0.850375
0.899388 4.36493 0.203464 0.853386
0.900957 4.35883 0.198944 0.856404
0.902527 4.35271 0.19443 0.859429
0.904097 4.34658 0.189922 0.862459
0.905666 4.34044 0.18542 0.865496
0.907236 4.33428 0.180925 0.868539
0.908806 4.32811 0.176435 0.871588
0.910375 4.32192 0.171952 0.874643
0.911945 4.31572 0.167475 0.877705
0.913514 4.3095 0.163004 0.880773
0.915084 4.30327 0.15854 0.883847
0.916654 4.29702 0.154081 0.886926
0.918223 4.29076 0.149629 0.890012
0.919793 4.28448 0.145183 0.893104
0.921362 4.27819 0.140744 0.896203
0.922932 4.27188 0.136311 0.899307
0.924502 4.26555 0.131884 0.902417
0.926071 4.25921 0.127463 0.905533
0.927641 4.25285 0.123049 0.908654
0.92921 4.24648 0.118641 0.911782
0.93078 4.24009 0.114239 0.914916
0.93235 4.23368 0.109844 0.918055
0.933919 4.22726 0.105456 0.921201
0.935489 4.22082 0.101073 0.924352
0.937059 4.21436 0.0966974 0.927509
0.938628 4.20788 0.0923281 0.930671
0.940198 4.20138 0.0879652 0.93384
0.941767 4.19487 0.0836088 0.937014
0.943337 4.18834 0.0792589 0.940193
0.944907 4.18179 0.0749156 0.943379
0.946476 4.17523 0.0705788 0.94657
0.948046 4.16864 0.0662486 0.949766
0.949615 4.16203 0.061925 0.952968
0.951185 4.15541 0.057608 0.956175
0.952755 4.14877 0.0532977 0.959388
0.954324 4.1421 0.048994 0.962607
0.955894 4.13542 0.044697 0.96583
0.957464 4.12871 0.0404067 0.96906
0.959033 4.12199 0.0361232 0.972294
0.960603 4.11525 0.0318464 0.975534
0.962172 4.10848 0.0275764 0.978779
0.963742 4.10169 0.0233131 0.982029
0.965312 4.09489 0.0190567 0.985285
0.966881 4.08806 0.0148072 0.988546
0.968451 4.08121 0.0105645 0.991811
0.97002 4.07433 0.00632873 0.995082
0.97159 4.06744 0.00209987 0.998358
0.972375 4.06398 -1.1948e-05 0.999998
