Mass (Earth Masses) | Radius (Earth Radii) | Central Pressure (Mbar) | Central Density (g cm^-3) | Gravitational Potential (J) | Mechanical Energy (J) | Moment of Inertia Coefficient
1.00009 0.972375 4.43103 15.1274 -2.57138e+32 8.56719e+31 0.330293
2.00015 1.18851 8.69645 18.1603 -8.53204e+32 2.84322e+32 0.322668
2.99995 1.32962 13.2338 20.5952 -1.73168e+33 5.7715e+32 0.317584
4.00034 1.43572 18.0722 22.7451 -2.87225e+33 9.57284e+32 0.313657
4.99994 1.52095 23.2058 24.7213 -4.26085e+33 1.41998e+33 0.310435
6.00046 1.59221 28.65 26.5871 -5.89219e+33 1.96358e+33 0.307668
7.00039 1.65327 34.3973 28.373 -7.75827e+33 2.58562e+33 0.305245
8.00034 1.70664 40.4551 30.1024 -9.85626e+33 3.28465e+33 0.303056
8.99833 1.75373 46.8253 31.7899 -1.21794e+34 4.05888e+33 0.301053
10.0005 1.79626 53.51 33.446 -1.47369e+34 4.91137e+33 0.299252
